828
628 798
184 153
423 622
544 378
548 258
63 113
158 43
54 314
38 392
307 435
151 172
464 108
356 161
471 579
13 37
257 408
523 415
683 213
619 740
673 662
64 74
137 309
176 70
340 559
427 801
563 534
3 489
467 223
379 88
11 9
85 10
156 149
500 385
80 56
107 53
25 2
248 491
378 85
320 428
120 95
205 263
34 360
5 62
464 648
507 134
156 278
478 329
43 822
672 406
83 267
59 17
549 207
599 113
171 610
77 222
35 75
362 689
284 522
366 319
436 567
332 125
635 129
600 707
69 424
179 380
223 153
395 200
6 150
450 783
546 345
774 279
8 365
13 8
433 813
1 16
580 613
42 717
25 165
54 66
412 196
377 63
587 669
78 92
161 264
626 651
233 355
330 274
704 578
666 235
634 220
786 548
257 58
101 758
695 196
29 12
207 21
371 6
440 756
104 335
538 653
341 57
140 100
606 732
200 126
82 389
511 239
583 287
308 619
735 654
183 209
410 454
503 94
530 481
502 168
241 450
114 83
543 522
352 482
120 218
90 29
27 129
98 134
60 473
680 8
115 63
797 157
161 327
682 246
225 172
550 572
447 742
584 637
257 520
96 54
394 149
690 192
137 375
28 35
411 345
403 125
576 694
67 68
36 12
535 367
612 285
701 607
425 57
362 453
1 70
217 426
709 713
246 20
210 456
146 136
510 806
413 98
305 449
70 748
112 238
215 82
126 68
206 7
369 300
124 106
37 469
387 189
40 4
221 228
140 272
760 125
140 247
418 461
786 814
373 788
261 169
728 142
33 443
280 76
427 630
41 21
73 211
763 98
168 372
55 63
178 787
28 2
9 4
586 483
122 97
614 107
7 52
47 44
277 331
317 308
7 34
93 490
55 16
136 90
157 7
323 688
805 443
181 328
4 1
617 702
102 679
106 711
442 820
534 816
631 108
712 812
444 317
358 115
139 727
604 795
365 585
171 55
15 3
755 116
65 35
135 19
167 292
38 154
77 79
736 741
103 452
103 28
470 384
617 559
48 7
628 196
374 94
15 279
719 233
204 52
818 106
825 67
167 519
459 223
588 507
430 749
418 260
484 357
558 555
4 118
59 769
31 533
676 4
21 56
298 83
692 533
738 705
50 116
534 183
11 44
244 321
140 197
192 231
678 270
765 439
35 38
19 250
45 368
191 329
67 81
131 53
36 483
517 490
446 325
10 138
409 744
383 142
261 281
36 125
703 477
78 57
292 497
205 216
468 329
30 22
319 280
17 324
457 99
260 710
439 739
238 352
236 48
182 505
281 333
428 657
31 39
775 430
49 173
144 287
484 646
388 237
53 149
647 343
12 10
573 359
229 25
263 364
155 819
5 3
726 370
30 310
4 19
195 429
513 665
294 346
18 83
127 315
448 565
621 500
386 344
281 551
681 437
4 603
163 183
479 307
436 828
598 233
79 393
208 268
564 447
60 53
481 540
529 342
652 374
111 117
2 51
235 66
52 576
677 525
271 222
1 322
327 493
779 210
237 116
471 660
37 203
101 85
641 384
169 336
292 495
514 789
570 101
396 173
265 590
445 88
150 477
35 164
55 792
322 734
645 39
42 72
9 145
508 126
181 112
722 807
384 261
549 753
432 72
510 823
1 186
178 129
597 395
557 266
691 26
536 357
501 394
242 390
31 28
488 214
38 781
528 102
151 442
196 161
99 148
514 63
26 42
337 86
192 608
784 169
285 215
260 89
780 548
729 153
85 130
545 518
73 245
135 275
516 122
474 134
518 440
208 66
30 510
313 771
182 42
20 340
172 560
194 253
620 386
609 316
186 266
196 226
240 192
555 284
165 433
761 7
272 475
3 14
472 181
141 273
9 24
494 327
68 821
91 111
19 153
210 114
790 84
572 639
301 655
248 138
406 252
480 562
777 796
61 295
8 46
215 580
151 14
434 810
473 499
5 64
515 297
481 344
5 141
578 359
31 299
516 750
32 69
274 53
736 434
6 18
348 538
649 510
205 227
236 417
109 194
485 327
556 737
113 550
768 618
721 560
64 99
754 582
615 581
465 44
165 174
52 102
293 91
10 1
349 324
274 725
80 191
239 815
126 198
382 124
808 396
54 32
128 353
773 310
114 179
105 12
547 298
110 28
1 6
48 112
350 129
256 135
44 233
146 265
244 153
305 14
301 265
192 367
254 221
24 104
354 110
84 420
440 524
471 743
262 471
826 477
338 269
619 699
344 93
506 447
759 593
436 64
554 61
303 230
72 159
499 670
345 343
202 32
543 574
402 209
39 77
187 167
28 747
612 633
20 10
225 487
14 706
68 109
663 615
58 5
404 314
575 417
342 335
492 103
339 714
166 47
662 400
308 577
227 290
113 221
36 163
405 260
213 60
163 591
17 276
179 448
409 70
249 231
344 764
311 323
250 431
708 687
587 693
451 566
541 274
584 243
650 137
660 697
135 463
82 97
108 102
90 234
640 333
510 686
476 426
250 415
193 126
566 811
43 521
785 551
542 24
61 54
733 746
671 378
219 334
614 642
39 258
289 115
169 35
124 419
183 190
762 533
260 262
312 106
718 260
45 21
143 140
412 561
198 607
385 216
363 349
345 531
98 23
368 451
438 226
142 568
339 4
209 498
269 302
160 159
87 11
761 794
553 625
243 191
569 184
286 626
252 37
99 437
391 30
5 147
288 202
618 498
185 6
638 398
325 221
791 394
496 724
255 186
712 358
351 13
515 525
180 241
90 214
553 504
281 357
111 242
13 284
22 71
268 277
195 60
335 359
696 194
167 539
2 86
267 809
111 161
802 476
80 139
148 201
110 376
419 661
486 476
17 57
477 589
401 160
2 3
480 282
279 306
452 730
234 532
596 33
27 15
175 30
47 88
93 123
170 313
121 5
234 362
22 17
722 272
70 441
716 500
35 73
398 211
776 193
636 286
458 143
718 720
447 757
664 254
14 84
777 6
440 57
67 24
455 245
1 2
530 581
304 235
82 54
824 542
462 84
79 133
1 155
185 347
209 772
571 103
592 538
149 509
644 394
115 167
373 19
53 32
468 654
232 12
604 553
192 133
119 110
767 332
623 513
94 54
318 233
670 700
252 616
432 504
307 246
20 217
472 827
178 219
778 366
5 8
300 181
212 199
95 87
100 14
142 69
117 605
308 170
368 659
552 295
133 170
425 709
526 378
291 215
752 276
213 239
684 167
118 259
240 381
14 33
98 745
6 23
4 144
624 265
205 6
421 307
595 366
333 804
270 582
348 233
800 40
486 674
675 404
294 144
385 434
527 525
723 673
254 343
537 358
286 44
404 643
220 148
96 152
99 270
414 281
106 439
230 13
361 206
715 80
316 268
106 189
93 43
174 513
430 244
74 199
4 423
90 556
88 128
10 326
71 224
